'bin_ip1.bn.weight', tensor([0.5553], device='cuda:0')), ('bin_ip1.bn.bias', tensor([0.2065], device='cuda:0')), ('bin_ip1.bn.running_mean', tensor([0.1294], device='cuda:0')), ('bin_ip1.bn.running_var', tensor([0.0942], device='cuda:0')), ('bin_ip1.bn.num_batches_tracked', tensor(7504, device='cuda:0')), ('bin_ip1.linear.weight', tensor([[-0.0231, -0.0147,  0.0079,  ..., -0.0120, -0.0057, -0.0342],
        [-0.0478, -0.0558, -0.0508,  ..., -0.0253, -0.0423,  0.0002],
        [-0.0399, -0.0634, -0.0512,  ..., -0.0254, -0.0629, -0.0253],
        ...,
        [ 0.0240,  0.0783,  0.0376,  ...,  0.0494,  0.0494,  0.0532],
        [ 0.0940,  0.0573,  0.1011,  ...,  0.1123,  0.0831,  0.0545],
        [ 0.0082,  0.0388,  0.0559,  ...,  0.0636,  0.0083,  0.0332]],
       device='cuda:0')), ('bin_ip1.linear.bias', tensor([-0.2366,  0.7510, -0.3886,  0.2492,  1.3645, -0.9036,  0.3476, -0.2993,
        -0.3935,  0.1185,  0.1268,  0.8746,  1.0579,  0.7564, -0.0433,  0.7408,
         0.4013, -1.8063,  1.0557, -1.1386], device='cuda:0')), ('ip2.weight', tensor([[ 3.5095e-03, -2.1501e-02,  7.8983e-02,  2.9667e-02, -1.0958e-02,
          1.3040e-01, -2.4408e-02,  1.0668e-01, -2.5926e-02, -3.5978e-02,
         -1.0766e-01,  1.0080e-01, -5.9587e-02, -1.7158e-01, -2.2466e-02,
          2.1170e-02,  6.8449e-02, -3.7363e-03, -1.7360e-01,  1.8379e-01],
        [ 8.2829e-02,  4.3927e-02, -8.2200e-02,  2.6313e-02, -7.4696e-02,
          2.4350e-01,  1.2458e-02, -3.4020e-02,  3.1385e-02,  2.3738e-02,
         -1.7198e-01, -5.6673e-02, -1.6083e-02, -2.0938e-01,  1.4336e-01,
          8.1257e-02, -9.3097e-02, -1.7778e-02, -2.8548e-02,  4.6478e-03],
        [ 1.1588e-01,  1.4353e-01, -8.9028e-02,  3.9595e-02,  3.0764e-03,
          1.3455e-01, -7.8475e-02,  1.1242e-01,  4.5794e-02, -3.2162e-03,
         -6.9541e-02, -6.1128e-02, -1.0085e-01, -2.1017e-01,  1.3299e-01,
          1.0876e-01,  3.9084e-02, -9.7077e-02, -2.5733e-01,  2.3813e-02],
        [ 5.1416e-02,  7.5801e-02, -4.2934e-02,  2.1828e-02, -1.1530e-01,
          1.5656e-01,  9.5852e-03,  2.4661e-01,  1.9217e-02,  2.7260e-02,
         -1.2031e-01, -1.4634e-04, -7.6791e-02, -1.2633e-01,  1.1778e-01,
         -1.7054e-02, -7.4658e-02, -4.6020e-02, -2.4029e-01, -1.0058e-01],
        [ 6.9899e-02,  9.1196e-02, -1.7493e-01,  5.8967e-02, -2.6667e-01,
          1.5850e-01, -5.4349e-02,  1.4517e-01,  8.9854e-03,  6.5604e-02,
         -1.1241e-01,  9.6939e-02, -8.0367e-02, -1.7335e-01,  1.0593e-01,
          2.9058e-02,  3.6370e-02,  3.6783e-02, -1.2182e-01,  1.1669e-01],
        [ 1.4917e-01,  1.7762e-02,  1.4888e-02,  6.2991e-02, -9.9273e-02,
          8.4012e-02, -5.5128e-02,  2.3548e-01,  7.7109e-02, -1.2757e-02,
         -7.6628e-02,  4.7144e-02,  5.8774e-02, -1.4102e-01,  1.0848e-01,
          7.3650e-02, -2.1845e-02, -8.3595e-02, -6.2671e-02,  3.7898e-02],
        [-1.8307e-02, -1.7088e-02, -2.9549e-02,  6.1560e-02, -3.4722e-02,
          6.9254e-02, -1.0925e-02,  4.4244e-02,  1.7338e-01,  3.7924e-02,
         -4.6655e-02, -7.4538e-02, -8.4534e-02, -1.8560e-01,  8.3816e-02,
         -9.4035e-02,  1.1022e-01,  4.3291e-02, -8.5597e-02,  4.3590e-02],
        [ 1.3816e-01,  4.9733e-02,  4.8793e-02,  8.6341e-02, -2.6328e-01,
          2.4761e-01, -3.1446e-02,  3.9342e-02,  7.5397e-02, -6.2999e-03,
         -1.4156e-01,  1.1903e-01, -4.7123e-03, -7.6874e-02,  1.0021e-01,
         -5.2303e-02,  1.2708e-01, -5.0584e-02, -2.2613e-01, -1.2741e-01],
        [ 1.1492e-01,  3.3063e-02, -1.8453e-02,  7.6708e-03, -2.6757e-01,
          1.4780e-01, -6.5830e-02,  1.4226e-01,  1.3699e-02, -1.6695e-02,
         -1.1255e-01, -1.3608e-01, -1.8576e-02, -2.0335e-01,  4.3250e-02,
          6.0265e-02,  1.7189e-02, -3.7777e-03, -2.1678e-01,  5.2405e-02],
        [ 1.1215e-01,  5.4408e-03,  4.1967e-02,  3.7312e-02, -3.4406e-01,
          1.9503e-01, -9.5812e-03,  8.6499e-02,  1.3265e-01,  5.4894e-02,
         -1.0089e-01,  8.6407e-02, -7.2711e-02, -2.3583e-01,  7.7140e-02,
          7.9503e-02, -3.1550e-02, -4.1321e-02, -2.4483e-01, -6.3848e-03]],
       device='cuda:0')), ('ip2.bias', tensor([-1.2142,  0.5370,  0.6263,  0.6764, -0.1085,  2.4244, -0.1927,  1.0129,
        -0.9410,  0.4899], device='cuda:0'))])}
